0 0
0.005 0
0.01 0
0.015 0
0.02 0
0.025 0
0.03 0
0.035 0
0.04 0
0.045 0
0.05 0
0.055 0
0.06 0
0.065 0
0.07 0
0.075 0
0.08 0
0.085 0
0.09 0
0.095 0
0.1 0
0.105 0
0.11 0
0.115 0
0.12 0
0.125 0
0.13 0
0.135 0
0.14 0
0.145 0
0.15 0
0.155 0
0.16 0
0.165 0
0.17 0
0.175 0
0.18 0
0.185 0
0.19 0
0.195 0
0.2 0
0.205 0
0.21 0
0.215 0
0.22 0
0.225 0
0.23 0
0.235 0
0.24 0
0.245 0
0.25 0
0.255 0
0.26 0
0.265 0
0.27 0
0.275 0
0.28 0
0.285 0
0.29 0.005
0.295 0.005
0.3 0.005
0.305 0.005
0.31 0.005
0.315 0.005
0.32 0.005
0.325 0.005
0.33 0.005
0.335 0.005
0.34 0.005
0.345 0.005
0.35 0.005
0.355 0.005
0.36 0.005
0.365 0.005
0.37 0.005
0.375 0.005
0.38 0.005
0.385 0.005
0.39 0.005
0.395 0.005
0.4 0.005
0.405 0.005
0.41 0.005
0.415 0.005
0.42 0.005
0.425 0.005
0.43 0.01
0.435 0.01
0.44 0.01
0.445 0.01
0.45 0.01
0.455 0.01
0.46 0.01
0.465 0.01
0.47 0.01
0.475 0.01
0.48 0.01
0.485 0.01
0.49 0.01
0.495 0.01
0.5 0.01
0.505 0.01
0.51 0.01
0.515 0.01
0.52 0.01
0.525 0.01
0.53 0.01
0.535 0.01
0.54 0.015
0.545 0.015
0.55 0.015
0.555 0.015
0.56 0.015
0.565 0.015
0.57 0.015
0.575 0.015
0.58 0.015
0.585 0.015
0.59 0.015
0.595 0.015
0.6 0.015
0.605 0.015
0.61 0.015
0.615 0.02
0.62 0.02
0.625 0.025
0.63 0.025
0.635 0.025
0.64 0.025
0.645 0.025
0.65 0.025
0.655 0.025
0.66 0.025
0.665 0.025
0.67 0.025
0.675 0.025
0.68 0.025
0.685 0.025
0.69 0.025
0.695 0.025
0.7 0.025
0.705 0.03
0.71 0.03
0.715 0.03
0.72 0.03
0.725 0.03
0.73 0.035
0.735 0.035
0.74 0.035
0.745 0.035
0.75 0.035
0.755 0.04
0.76 0.04
0.765 0.04
0.77 0.04
0.775 0.04
0.78 0.04
0.785 0.04
0.79 0.04
0.795 0.04
0.8 0.04
0.805 0.04
0.81 0.04
0.815 0.04
0.82 0.045
0.825 0.045
0.83 0.045
0.835 0.045
0.84 0.045
0.845 0.05
0.85 0.05
0.855 0.05
0.86 0.05
0.865 0.055
0.87 0.055
0.875 0.055
0.88 0.055
0.885 0.055
0.89 0.06
0.895 0.06
0.9 0.06
0.905 0.065
0.91 0.065
0.915 0.065
0.92 0.065
0.925 0.065
0.93 0.07
0.935 0.07
0.94 0.07
0.945 0.07
0.95 0.07
0.955 0.07
0.96 0.075
0.965 0.075
0.97 0.075
0.975 0.075
0.98 0.075
0.985 0.075
0.99 0.075
0.995 0.075
1 0.08
1.005 0.08
1.01 0.08
1.015 0.08
1.02 0.08
1.025 0.08
1.03 0.08
1.035 0.08
1.04 0.08
1.045 0.08
1.05 0.08
1.055 0.085
1.06 0.09
1.065 0.09
1.07 0.09
1.075 0.09
1.08 0.09
1.085 0.09
1.09 0.095
1.095 0.1
1.1 0.1
1.105 0.1
1.11 0.1
1.115 0.1
1.12 0.105
1.125 0.11
1.13 0.11
1.135 0.11
1.14 0.11
1.145 0.115
1.15 0.115
1.155 0.115
1.16 0.12
1.165 0.12
1.17 0.12
1.175 0.125
1.18 0.125
1.185 0.125
1.19 0.125
1.195 0.125
1.2 0.13
1.205 0.13
1.21 0.13
1.215 0.13
1.22 0.13
1.225 0.135
1.23 0.135
1.235 0.135
1.24 0.135
1.245 0.135
1.25 0.14
1.255 0.14
1.26 0.14
1.265 0.14
1.27 0.14
1.275 0.14
1.28 0.14
1.285 0.14
1.29 0.145
1.295 0.15
1.3 0.15
1.305 0.15
1.31 0.15
1.315 0.15
1.32 0.15
1.325 0.155
1.33 0.155
1.335 0.155
1.34 0.155
1.345 0.16
1.35 0.165
1.355 0.165
1.36 0.165
1.365 0.165
1.37 0.165
1.375 0.17
1.38 0.17
1.385 0.17
1.39 0.17
1.395 0.175
1.4 0.18
1.405 0.18
1.41 0.18
1.415 0.185
1.42 0.185
1.425 0.185
1.43 0.185
1.435 0.19
1.44 0.19
1.445 0.19
1.45 0.19
1.455 0.19
1.46 0.195
1.465 0.2
1.47 0.2
1.475 0.2
1.48 0.2
1.485 0.2
1.49 0.205
1.495 0.205
1.5 0.205
1.505 0.205
1.51 0.205
1.515 0.205
1.52 0.205
1.525 0.205
1.53 0.205
1.535 0.205
1.54 0.205
1.545 0.205
1.55 0.205
1.555 0.21
1.56 0.215
1.565 0.215
1.57 0.215
1.575 0.215
1.58 0.215
1.585 0.215
1.59 0.22
1.595 0.22
1.6 0.22
1.605 0.22
1.61 0.225
1.615 0.23
1.62 0.23
1.625 0.235
1.63 0.235
1.635 0.235
1.64 0.235
1.645 0.235
1.65 0.235
1.655 0.235
1.66 0.235
1.665 0.235
1.67 0.235
1.675 0.235
1.68 0.235
1.685 0.235
1.69 0.235
1.695 0.24
1.7 0.245
1.705 0.245
1.71 0.25
1.715 0.25
1.72 0.255
1.725 0.26
1.73 0.26
1.735 0.26
1.74 0.265
1.745 0.265
1.75 0.265
1.755 0.27
1.76 0.275
1.765 0.275
1.77 0.275
1.775 0.275
1.78 0.275
1.785 0.275
1.79 0.275
1.795 0.28
1.8 0.28
1.805 0.28
1.81 0.285
1.815 0.29
1.82 0.29
1.825 0.29
1.83 0.29
1.835 0.29
1.84 0.29
1.845 0.29
1.85 0.295
1.855 0.295
1.86 0.3
1.865 0.3
1.87 0.3
1.875 0.3
1.88 0.3
1.885 0.3
1.89 0.305
1.895 0.305
1.9 0.31
1.905 0.31
1.91 0.31
1.915 0.315
1.92 0.32
1.925 0.32
1.93 0.32
1.935 0.32
1.94 0.32
1.945 0.325
1.95 0.33
1.955 0.335
1.96 0.335
1.965 0.335
1.97 0.335
1.975 0.335
1.98 0.335
1.985 0.335
1.99 0.335
1.995 0.335
2 0.335
2.005 0.335
2.01 0.335
2.015 0.335
2.02 0.335
2.025 0.34
2.03 0.34
2.035 0.34
2.04 0.34
2.045 0.34
2.05 0.345
2.055 0.345
2.06 0.345
2.065 0.345
2.07 0.35
2.075 0.35
2.08 0.355
2.085 0.355
2.09 0.355
2.095 0.355
2.1 0.36
2.105 0.36
2.11 0.36
2.115 0.365
2.12 0.365
2.125 0.365
2.13 0.365
2.135 0.365
2.14 0.365
2.145 0.365
2.15 0.37
2.155 0.37
2.16 0.37
2.165 0.37
2.17 0.37
2.175 0.37
2.18 0.37
2.185 0.37
2.19 0.37
2.195 0.375
2.2 0.375
2.205 0.375
2.21 0.375
2.215 0.375
2.22 0.38
2.225 0.38
2.23 0.38
2.235 0.38
2.24 0.38
2.245 0.38
2.25 0.385
2.255 0.39
2.26 0.39
2.265 0.39
2.27 0.39
2.275 0.39
2.28 0.39
2.285 0.39
2.29 0.39
2.295 0.39
2.3 0.39
2.305 0.395
2.31 0.395
2.315 0.4
2.32 0.4
2.325 0.4
2.33 0.4
2.335 0.4
2.34 0.4
2.345 0.4
2.35 0.4
2.355 0.4
2.36 0.405
2.365 0.405
2.37 0.405
2.375 0.41
2.38 0.41
2.385 0.41
2.39 0.41
2.395 0.41
2.4 0.415
2.405 0.415
2.41 0.415
2.415 0.42
2.42 0.42
2.425 0.42
2.43 0.42
2.435 0.42
2.44 0.42
2.445 0.425
2.45 0.425
2.455 0.43
2.46 0.43
2.465 0.43
2.47 0.43
2.475 0.43
2.48 0.43
2.485 0.43
2.49 0.43
2.495 0.435
2.5 0.44
2.505 0.44
2.51 0.44
2.515 0.445
2.52 0.45
2.525 0.45
2.53 0.455
2.535 0.455
2.54 0.455
2.545 0.455
2.55 0.455
2.555 0.455
2.56 0.455
2.565 0.455
2.57 0.455
2.575 0.455
2.58 0.455
2.585 0.455
2.59 0.455
2.595 0.455
2.6 0.455
2.605 0.455
2.61 0.455
2.615 0.455
2.62 0.455
2.625 0.455
2.63 0.455
2.635 0.455
2.64 0.455
2.645 0.46
2.65 0.465
2.655 0.47
2.66 0.47
2.665 0.47
2.67 0.47
2.675 0.475
2.68 0.475
2.685 0.475
2.69 0.475
2.695 0.475
2.7 0.475
2.705 0.475
2.71 0.475
2.715 0.475
2.72 0.475
2.725 0.48
2.73 0.48
2.735 0.48
2.74 0.48
2.745 0.48
2.75 0.48
2.755 0.48
2.76 0.48
2.765 0.485
2.77 0.485
2.775 0.485
2.78 0.49
2.785 0.495
2.79 0.495
2.795 0.495
2.8 0.495
2.805 0.495
2.81 0.5
2.815 0.5
2.82 0.5
2.825 0.5
2.83 0.5
2.835 0.5
2.84 0.5
2.845 0.5
2.85 0.505
2.855 0.505
2.86 0.505
2.865 0.505
2.87 0.505
2.875 0.505
2.88 0.505
2.885 0.505
2.89 0.505
2.895 0.505
2.9 0.505
2.905 0.505
2.91 0.505
2.915 0.505
2.92 0.51
2.925 0.515
2.93 0.52
2.935 0.52
2.94 0.525
2.945 0.53
2.95 0.535
2.955 0.535
2.96 0.54
2.965 0.545
2.97 0.545
2.975 0.545
2.98 0.545
2.985 0.545
2.99 0.545
2.995 0.545
3 0.545
3.005 0.55
3.01 0.55
3.015 0.55
3.02 0.55
3.025 0.55
3.03 0.55
3.035 0.55
3.04 0.55
3.045 0.55
3.05 0.555
3.055 0.555
3.06 0.555
3.065 0.555
3.07 0.555
3.075 0.56
3.08 0.56
3.085 0.565
3.09 0.565
3.095 0.565
3.1 0.565
3.105 0.565
3.11 0.565
3.115 0.565
3.12 0.565
3.125 0.57
3.13 0.57
3.135 0.57
3.14 0.57
3.145 0.57
3.15 0.57
3.155 0.57
3.16 0.575
3.165 0.575
3.17 0.575
3.175 0.575
3.18 0.58
3.185 0.58
3.19 0.58
3.195 0.585
3.2 0.585
3.205 0.59
3.21 0.59
3.215 0.59
3.22 0.59
3.225 0.59
3.23 0.59
3.235 0.59
3.24 0.595
3.245 0.595
3.25 0.595
3.255 0.6
3.26 0.6
3.265 0.6
3.27 0.6
3.275 0.6
3.28 0.6
3.285 0.6
3.29 0.605
3.295 0.605
3.3 0.61
3.305 0.61
3.31 0.61
3.315 0.61
3.32 0.61
3.325 0.615
3.33 0.615
3.335 0.615
3.34 0.615
3.345 0.615
3.35 0.62
3.355 0.62
3.36 0.62
3.365 0.62
3.37 0.62
3.375 0.62
3.38 0.625
3.385 0.625
3.39 0.625
3.395 0.63
3.4 0.63
3.405 0.63
3.41 0.635
3.415 0.635
3.42 0.635
3.425 0.64
3.43 0.64
3.435 0.64
3.44 0.64
3.445 0.64
3.45 0.64
3.455 0.64
3.46 0.64
3.465 0.64
3.47 0.64
3.475 0.64
3.48 0.645
3.485 0.65
3.49 0.655
3.495 0.655
3.5 0.655
3.505 0.655
3.51 0.66
3.515 0.66
3.52 0.66
3.525 0.665
3.53 0.665
3.535 0.665
3.54 0.665
3.545 0.67
3.55 0.67
3.555 0.675
3.56 0.675
3.565 0.675
3.57 0.675
3.575 0.675
3.58 0.675
3.585 0.675
3.59 0.675
3.595 0.675
3.6 0.675
3.605 0.675
3.61 0.68
3.615 0.68
3.62 0.68
3.625 0.68
3.63 0.68
3.635 0.685
3.64 0.685
3.645 0.69
3.65 0.69
3.655 0.695
3.66 0.7
3.665 0.7
3.67 0.7
3.675 0.7
3.68 0.7
3.685 0.7
3.69 0.7
3.695 0.7
3.7 0.705
3.705 0.705
3.71 0.705
3.715 0.71
3.72 0.71
3.725 0.71
3.73 0.71
3.735 0.71
3.74 0.71
3.745 0.71
3.75 0.71
3.755 0.715
3.76 0.715
3.765 0.715
3.77 0.715
3.775 0.715
3.78 0.715
3.785 0.715
3.79 0.715
3.795 0.715
3.8 0.715
3.805 0.715
3.81 0.715
3.815 0.72
3.82 0.72
3.825 0.725
3.83 0.725
3.835 0.725
3.84 0.725
3.845 0.725
3.85 0.725
3.855 0.725
3.86 0.725
3.865 0.73
3.87 0.73
3.875 0.73
3.88 0.73
3.885 0.73
3.89 0.73
3.895 0.73
3.9 0.73
3.905 0.735
3.91 0.735
3.915 0.74
3.92 0.74
3.925 0.74
3.93 0.74
3.935 0.74
3.94 0.745
3.945 0.745
3.95 0.745
3.955 0.75
3.96 0.75
3.965 0.75
3.97 0.75
3.975 0.75
3.98 0.75
3.985 0.75
3.99 0.75
3.995 0.75
4 0.75
4.005 0.75
4.01 0.755
4.015 0.755
4.02 0.755
4.025 0.755
4.03 0.755
4.035 0.755
4.04 0.755
4.045 0.755
4.05 0.76
4.055 0.76
4.06 0.76
4.065 0.76
4.07 0.76
4.075 0.76
4.08 0.76
4.085 0.76
4.09 0.76
4.095 0.76
4.1 0.76
4.105 0.76
4.11 0.76
4.115 0.765
4.12 0.765
4.125 0.765
4.13 0.765
4.135 0.765
4.14 0.765
4.145 0.765
4.15 0.765
4.155 0.765
4.16 0.77
4.165 0.77
4.17 0.77
4.175 0.77
4.18 0.77
4.185 0.77
4.19 0.77
4.195 0.77
4.2 0.77
4.205 0.77
4.21 0.77
4.215 0.775
4.22 0.775
4.225 0.775
4.23 0.78
4.235 0.78
4.24 0.78
4.245 0.78
4.25 0.78
4.255 0.78
4.26 0.78
4.265 0.78
4.27 0.785
4.275 0.785
4.28 0.785
4.285 0.785
4.29 0.785
4.295 0.785
4.3 0.785
4.305 0.785
4.31 0.785
4.315 0.785
4.32 0.785
4.325 0.785
4.33 0.785
4.335 0.79
4.34 0.79
4.345 0.79
4.35 0.79
4.355 0.79
4.36 0.795
4.365 0.795
4.37 0.795
4.375 0.795
4.38 0.795
4.385 0.795
4.39 0.795
4.395 0.795
4.4 0.8
4.405 0.8
4.41 0.8
4.415 0.8
4.42 0.8
4.425 0.8
4.43 0.8
4.435 0.8
4.44 0.8
4.445 0.8
4.45 0.805
4.455 0.805
4.46 0.805
4.465 0.805
4.47 0.805
4.475 0.81
4.48 0.81
4.485 0.81
4.49 0.81
4.495 0.81
4.5 0.81
4.505 0.81
4.51 0.81
4.515 0.81
4.52 0.81
4.525 0.81
4.53 0.81
4.535 0.81
4.54 0.81
4.545 0.81
4.55 0.81
4.555 0.81
4.56 0.81
4.565 0.81
4.57 0.81
4.575 0.815
4.58 0.815
4.585 0.815
4.59 0.815
4.595 0.815
4.6 0.815
4.605 0.815
4.61 0.815
4.615 0.815
4.62 0.815
4.625 0.815
4.63 0.815
4.635 0.815
4.64 0.82
4.645 0.82
4.65 0.82
4.655 0.82
4.66 0.82
4.665 0.82
4.67 0.82
4.675 0.82
4.68 0.82
4.685 0.825
4.69 0.83
4.695 0.83
4.7 0.83
4.705 0.83
4.71 0.83
4.715 0.835
4.72 0.835
4.725 0.835
4.73 0.835
4.735 0.835
4.74 0.835
4.745 0.835
4.75 0.835
4.755 0.835
4.76 0.84
4.765 0.84
4.77 0.84
4.775 0.84
4.78 0.84
4.785 0.84
4.79 0.84
4.795 0.84
4.8 0.84
4.805 0.84
4.81 0.84
4.815 0.84
4.82 0.84
4.825 0.84
4.83 0.84
4.835 0.84
4.84 0.84
4.845 0.84
4.85 0.84
4.855 0.84
4.86 0.84
4.865 0.84
4.87 0.84
4.875 0.84
4.88 0.84
4.885 0.84
4.89 0.84
4.895 0.84
4.9 0.84
4.905 0.84
4.91 0.84
4.915 0.84
4.92 0.845
4.925 0.845
4.93 0.85
4.935 0.85
4.94 0.85
4.945 0.85
4.95 0.85
4.955 0.85
4.96 0.85
4.965 0.85
4.97 0.85
4.975 0.85
4.98 0.85
4.985 0.85
4.99 0.85
4.995 0.85
5 0.85
5.005 0.85
5.01 0.855
5.015 0.855
5.02 0.855
5.025 0.855
5.03 0.855
5.035 0.855
5.04 0.855
5.045 0.855
5.05 0.855
5.055 0.855
5.06 0.855
5.065 0.855
5.07 0.855
5.075 0.855
5.08 0.855
5.085 0.855
5.09 0.855
5.095 0.855
5.1 0.86
5.105 0.86
5.11 0.86
5.115 0.865
5.12 0.865
5.125 0.865
5.13 0.865
5.135 0.865
5.14 0.865
5.145 0.865
5.15 0.865
5.155 0.865
5.16 0.865
5.165 0.865
5.17 0.87
5.175 0.87
5.18 0.87
5.185 0.875
5.19 0.875
5.195 0.875
5.2 0.875
5.205 0.875
5.21 0.875
5.215 0.875
5.22 0.875
5.225 0.875
5.23 0.875
5.235 0.875
5.24 0.875
5.245 0.875
5.25 0.875
5.255 0.875
5.26 0.875
5.265 0.875
5.27 0.875
5.275 0.875
5.28 0.875
5.285 0.875
5.29 0.875
5.295 0.875
5.3 0.875
5.305 0.875
5.31 0.875
5.315 0.875
5.32 0.875
5.325 0.875
5.33 0.875
5.335 0.875
5.34 0.88
5.345 0.88
5.35 0.88
5.355 0.88
5.36 0.88
5.365 0.88
5.37 0.88
5.375 0.88
5.38 0.88
5.385 0.88
5.39 0.88
5.395 0.88
5.4 0.88
5.405 0.88
5.41 0.885
5.415 0.885
5.42 0.885
5.425 0.885
5.43 0.885
5.435 0.885
5.44 0.885
5.445 0.885
5.45 0.885
5.455 0.885
5.46 0.885
5.465 0.885
5.47 0.885
5.475 0.885
5.48 0.885
5.485 0.885
5.49 0.885
5.495 0.885
5.5 0.885
5.505 0.885
5.51 0.885
5.515 0.885
5.52 0.885
5.525 0.885
5.53 0.885
5.535 0.885
5.54 0.885
5.545 0.885
5.55 0.885
5.555 0.885
5.56 0.885
5.565 0.885
5.57 0.89
5.575 0.89
5.58 0.89
5.585 0.89
5.59 0.89
5.595 0.895
5.6 0.895
5.605 0.895
5.61 0.895
5.615 0.895
5.62 0.895
5.625 0.895
5.63 0.895
5.635 0.9
5.64 0.9
5.645 0.9
5.65 0.9
5.655 0.9
5.66 0.9
5.665 0.9
5.67 0.9
5.675 0.9
5.68 0.9
5.685 0.9
5.69 0.9
5.695 0.9
5.7 0.9
5.705 0.9
5.71 0.9
5.715 0.9
5.72 0.9
5.725 0.9
5.73 0.9
5.735 0.9
5.74 0.9
5.745 0.9
5.75 0.9
5.755 0.9
5.76 0.9
5.765 0.9
5.77 0.9
5.775 0.9
5.78 0.9
5.785 0.9
5.79 0.9
5.795 0.9
5.8 0.9
5.805 0.9
5.81 0.9
5.815 0.9
5.82 0.9
5.825 0.9
5.83 0.9
5.835 0.9
5.84 0.9
5.845 0.9
5.85 0.9
5.855 0.9
5.86 0.9
5.865 0.9
5.87 0.9
5.875 0.9
5.88 0.905
5.885 0.905
5.89 0.905
5.895 0.905
5.9 0.905
5.905 0.905
5.91 0.905
5.915 0.905
5.92 0.905
5.925 0.905
5.93 0.91
5.935 0.91
5.94 0.91
5.945 0.915
5.95 0.92
5.955 0.92
5.96 0.92
5.965 0.92
5.97 0.92
5.975 0.92
5.98 0.925
5.985 0.925
5.99 0.925
5.995 0.925
6 0.925
6.005 0.925
6.01 0.925
6.015 0.925
6.02 0.925
6.025 0.925
6.03 0.925
6.035 0.925
6.04 0.925
6.045 0.93
6.05 0.93
6.055 0.93
6.06 0.93
6.065 0.935
6.07 0.935
6.075 0.935
6.08 0.935
6.085 0.935
6.09 0.935
6.095 0.935
6.1 0.935
6.105 0.935
6.11 0.935
6.115 0.935
6.12 0.935
6.125 0.935
6.13 0.935
6.135 0.935
6.14 0.935
6.145 0.935
6.15 0.935
6.155 0.935
6.16 0.935
6.165 0.935
6.17 0.935
6.175 0.935
6.18 0.935
6.185 0.935
6.19 0.935
6.195 0.935
6.2 0.935
6.205 0.935
6.21 0.935
6.215 0.935
6.22 0.935
6.225 0.935
6.23 0.935
6.235 0.935
6.24 0.935
6.245 0.935
6.25 0.935
6.255 0.935
6.26 0.935
6.265 0.935
6.27 0.935
6.275 0.935
6.28 0.935
6.285 0.935
6.29 0.935
6.295 0.935
6.3 0.935
6.305 0.935
6.31 0.935
6.315 0.935
6.32 0.935
6.325 0.935
6.33 0.94
6.335 0.94
6.34 0.94
6.345 0.94
6.35 0.94
6.355 0.94
6.36 0.94
6.365 0.94
6.37 0.94
6.375 0.94
6.38 0.94
6.385 0.94
6.39 0.94
6.395 0.94
6.4 0.94
6.405 0.94
6.41 0.94
6.415 0.94
6.42 0.94
6.425 0.94
6.43 0.94
6.435 0.94
6.44 0.94
6.445 0.94
6.45 0.94
6.455 0.94
6.46 0.94
6.465 0.94
6.47 0.94
6.475 0.94
6.48 0.94
6.485 0.94
6.49 0.94
6.495 0.94
6.5 0.94
6.505 0.94
6.51 0.94
6.515 0.94
6.52 0.94
6.525 0.94
6.53 0.94
6.535 0.94
6.54 0.94
6.545 0.94
6.55 0.94
6.555 0.94
6.56 0.94
6.565 0.94
6.57 0.94
6.575 0.945
6.58 0.945
6.585 0.945
6.59 0.945
6.595 0.945
6.6 0.945
6.605 0.945
6.61 0.945
6.615 0.945
6.62 0.945
6.625 0.945
6.63 0.945
6.635 0.945
6.64 0.945
6.645 0.945
6.65 0.945
6.655 0.945
6.66 0.945
6.665 0.945
6.67 0.945
6.675 0.945
6.68 0.945
6.685 0.945
6.69 0.945
6.695 0.945
6.7 0.945
6.705 0.945
6.71 0.945
6.715 0.945
6.72 0.945
6.725 0.945
6.73 0.945
6.735 0.95
6.74 0.95
6.745 0.95
6.75 0.95
6.755 0.95
6.76 0.95
6.765 0.955
6.77 0.955
6.775 0.955
6.78 0.955
6.785 0.955
6.79 0.955
6.795 0.955
6.8 0.955
6.805 0.955
6.81 0.955
6.815 0.955
6.82 0.955
6.825 0.955
6.83 0.955
6.835 0.955
6.84 0.955
6.845 0.955
6.85 0.955
6.855 0.955
6.86 0.955
6.865 0.955
6.87 0.955
6.875 0.96
6.88 0.96
6.885 0.96
6.89 0.96
6.895 0.96
6.9 0.96
6.905 0.96
6.91 0.965
6.915 0.965
6.92 0.965
6.925 0.965
6.93 0.965
6.935 0.965
6.94 0.965
6.945 0.965
6.95 0.965
6.955 0.965
6.96 0.965
6.965 0.97
6.97 0.97
6.975 0.97
6.98 0.97
6.985 0.97
6.99 0.97
6.995 0.97
7 0.97
7.005 0.97
7.01 0.97
7.015 0.97
7.02 0.97
7.025 0.97
7.03 0.97
7.035 0.97
7.04 0.97
7.045 0.97
7.05 0.97
7.055 0.97
7.06 0.97
7.065 0.97
7.07 0.97
7.075 0.97
7.08 0.97
7.085 0.97
7.09 0.97
7.095 0.97
7.1 0.97
7.105 0.97
7.11 0.97
7.115 0.97
7.12 0.97
7.125 0.97
7.13 0.97
7.135 0.97
7.14 0.97
7.145 0.97
7.15 0.97
7.155 0.97
7.16 0.97
7.165 0.97
7.17 0.97
7.175 0.97
7.18 0.97
7.185 0.97
7.19 0.97
7.195 0.97
7.2 0.97
7.205 0.97
7.21 0.97
7.215 0.97
7.22 0.97
7.225 0.97
7.23 0.97
7.235 0.97
7.24 0.97
7.245 0.97
7.25 0.97
7.255 0.97
7.26 0.975
7.265 0.975
7.27 0.975
7.275 0.975
7.28 0.975
7.285 0.975
7.29 0.975
7.295 0.975
7.3 0.975
7.305 0.975
7.31 0.975
7.315 0.975
7.32 0.975
7.325 0.975
7.33 0.975
7.335 0.975
7.34 0.975
7.345 0.975
7.35 0.975
7.355 0.98
7.36 0.98
7.365 0.98
7.37 0.98
7.375 0.98
7.38 0.98
7.385 0.98
7.39 0.98
7.395 0.98
7.4 0.98
7.405 0.98
7.41 0.98
7.415 0.98
7.42 0.98
7.425 0.98
7.43 0.98
7.435 0.98
7.44 0.98
7.445 0.98
7.45 0.98
7.455 0.98
7.46 0.98
7.465 0.98
7.47 0.98
7.475 0.98
7.48 0.98
7.485 0.98
7.49 0.98
7.495 0.98
7.5 0.98
7.505 0.98
7.51 0.98
7.515 0.98
7.52 0.98
7.525 0.98
7.53 0.98
7.535 0.98
7.54 0.98
7.545 0.985
7.55 0.985
7.555 0.985
7.56 0.985
7.565 0.985
7.57 0.985
7.575 0.985
7.58 0.985
7.585 0.985
7.59 0.985
7.595 0.985
7.6 0.985
7.605 0.985
7.61 0.99
7.615 0.99
7.62 0.99
7.625 0.99
7.63 0.99
7.635 0.99
7.64 0.99
7.645 0.99
7.65 0.99
7.655 0.99
7.66 0.99
7.665 0.99
7.67 0.99
7.675 0.99
7.68 0.99
7.685 0.99
7.69 0.99
7.695 0.99
7.7 0.99
7.705 0.99
7.71 0.99
7.715 0.99
7.72 0.99
7.725 0.99
7.73 0.99
7.735 0.99
7.74 0.99
7.745 0.99
7.75 0.99
7.755 0.99
7.76 0.99
7.765 0.99
7.77 0.99
7.775 0.99
7.78 0.99
7.785 0.99
7.79 0.99
7.795 0.99
7.8 0.99
7.805 0.99
7.81 0.99
7.815 0.99
7.82 0.99
7.825 0.99
7.83 0.99
7.835 0.99
7.84 0.99
7.845 0.99
7.85 0.99
7.855 0.99
7.86 0.99
7.865 0.99
7.87 0.99
7.875 0.99
7.88 0.99
7.885 0.99
7.89 0.99
7.895 0.99
7.9 0.99
7.905 0.99
7.91 0.99
7.915 0.99
7.92 0.99
7.925 0.99
7.93 0.99
7.935 0.99
7.94 0.99
7.945 0.99
7.95 0.99
7.955 0.99
7.96 0.99
7.965 0.99
7.97 0.99
7.975 0.99
7.98 0.99
7.985 0.99
7.99 0.99
7.995 0.99
8 0.99
8.005 0.99
8.01 0.99
8.015 0.99
8.02 0.99
8.025 0.99
8.03 0.99
8.035 0.99
8.04 0.99
8.045 0.99
8.05 0.99
8.055 0.99
8.06 0.99
8.065 0.99
8.07 0.99
8.075 0.99
8.08 0.99
8.085 0.99
8.09 0.99
8.095 0.99
8.1 0.99
8.105 0.99
8.11 0.99
8.115 0.99
8.12 0.99
8.125 0.99
8.13 0.99
8.135 0.99
8.14 0.99
8.145 0.99
8.15 0.99
8.155 0.99
8.16 0.99
8.165 0.99
8.17 0.99
8.175 0.99
8.18 0.99
8.185 0.99
8.19 0.99
8.195 0.99
8.2 0.99
8.205 0.99
8.21 0.99
8.215 0.99
8.22 0.99
8.225 0.99
8.23 0.99
8.235 0.99
8.24 0.99
8.245 0.99
8.25 0.99
8.255 0.99
8.26 0.99
8.265 0.99
8.27 0.99
8.275 0.99
8.28 0.99
8.285 0.99
8.29 0.99
8.295 0.99
8.3 0.99
8.305 0.99
8.31 0.99
8.315 0.99
8.32 0.99
8.325 0.99
8.33 0.99
8.335 0.99
8.34 0.99
8.345 0.99
8.35 0.99
8.355 0.99
8.36 0.99
8.365 0.99
8.37 0.99
8.375 0.99
8.38 0.99
8.385 0.99
8.39 0.99
8.395 0.99
8.4 0.99
8.405 0.99
8.41 0.99
8.415 0.99
8.42 0.99
8.425 0.99
8.43 0.99
8.435 0.99
8.44 0.99
8.445 0.99
8.45 0.99
8.455 0.99
8.46 0.99
8.465 0.99
8.47 0.99
8.475 0.99
8.48 0.99
8.485 0.99
8.49 0.99
8.495 0.99
8.5 0.99
8.505 0.99
8.51 0.99
8.515 0.99
8.52 0.99
8.525 0.99
8.53 0.99
8.535 0.99
8.54 0.99
8.545 0.99
8.55 0.99
8.555 0.99
8.56 0.99
8.565 0.99
8.57 0.99
8.575 0.99
8.58 0.995
8.585 0.995
8.59 0.995
8.595 0.995
8.6 0.995
8.605 0.995
8.61 0.995
8.615 0.995
8.62 0.995
8.625 0.995
8.63 0.995
8.635 0.995
8.64 0.995
8.645 0.995
8.65 0.995
8.655 0.995
8.66 0.995
8.665 0.995
8.67 0.995
8.675 0.995
8.68 0.995
8.685 0.995
8.69 0.995
8.695 0.995
8.7 0.995
8.705 0.995
8.71 0.995
8.715 0.995
8.72 0.995
8.725 0.995
8.73 0.995
8.735 0.995
8.74 0.995
8.745 0.995
8.75 0.995
8.755 0.995
8.76 0.995
8.765 0.995
8.77 0.995
8.775 0.995
8.78 0.995
8.785 0.995
8.79 0.995
8.795 0.995
8.8 0.995
8.805 0.995
8.81 0.995
8.815 0.995
8.82 0.995
8.825 0.995
8.83 0.995
8.835 0.995
8.84 0.995
8.845 0.995
8.85 0.995
8.855 0.995
8.86 0.995
8.865 0.995
8.87 0.995
8.875 0.995
8.88 0.995
8.885 0.995
8.89 0.995
8.895 0.995
8.9 0.995
8.905 0.995
8.91 0.995
8.915 0.995
8.92 0.995
8.925 0.995
8.93 0.995
8.935 0.995
8.94 0.995
8.945 0.995
8.95 0.995
8.955 0.995
8.96 0.995
8.965 0.995
8.97 0.995
8.975 0.995
8.98 0.995
8.985 0.995
8.99 0.995
8.995 0.995
9 0.995
9.005 0.995
9.01 0.995
9.015 0.995
9.02 0.995
9.025 0.995
9.03 0.995
9.035 0.995
9.04 0.995
9.045 0.995
9.05 0.995
9.055 0.995
9.06 0.995
9.065 0.995
9.07 0.995
9.075 0.995
9.08 0.995
9.085 0.995
9.09 0.995
9.095 0.995
9.1 0.995
9.105 0.995
9.11 0.995
9.115 0.995
9.12 0.995
9.125 0.995
9.13 0.995
9.135 0.995
9.14 0.995
9.145 0.995
9.15 0.995
9.155 0.995
9.16 0.995
9.165 0.995
9.17 0.995
9.175 0.995
9.18 0.995
9.185 0.995
9.19 0.995
9.195 0.995
9.2 0.995
9.205 0.995
9.21 0.995
9.215 0.995
9.22 0.995
9.225 0.995
9.23 0.995
9.235 0.995
9.24 0.995
9.245 0.995
9.25 0.995
9.255 0.995
9.26 0.995
9.265 0.995
9.27 0.995
9.275 0.995
9.28 0.995
9.285 0.995
9.29 0.995
9.295 0.995
9.3 0.995
9.305 0.995
9.31 0.995
9.315 0.995
9.32 0.995
9.325 0.995
9.33 0.995
9.335 0.995
9.34 0.995
9.345 0.995
9.35 0.995
9.355 0.995
9.36 0.995
9.365 0.995
9.37 0.995
9.375 0.995
9.38 0.995
9.385 0.995
9.39 0.995
9.395 0.995
9.4 0.995
9.405 0.995
9.41 0.995
9.415 0.995
9.42 0.995
9.425 0.995
9.43 0.995
9.435 0.995
9.44 0.995
9.445 0.995
9.45 0.995
9.455 0.995
9.46 0.995
9.465 0.995
9.47 0.995
9.475 0.995
9.48 0.995
9.485 0.995
9.49 0.995
9.495 0.995
9.5 0.995
9.505 0.995
9.51 0.995
9.515 0.995
9.52 0.995
9.525 0.995
9.53 0.995
9.535 0.995
9.54 0.995
9.545 0.995
9.55 0.995
9.555 0.995
9.56 0.995
9.565 0.995
9.57 0.995
9.575 0.995
9.58 0.995
9.585 0.995
9.59 0.995
9.595 0.995
9.6 0.995
9.605 0.995
9.61 0.995
9.615 0.995
9.62 0.995
9.625 0.995
9.63 0.995
9.635 0.995
9.64 0.995
9.645 0.995
9.65 0.995
9.655 0.995
9.66 0.995
9.665 0.995
9.67 0.995
9.675 0.995
9.68 0.995
9.685 0.995
9.69 0.995
9.695 0.995
9.7 0.995
9.705 0.995
9.71 0.995
9.715 0.995
9.72 0.995
9.725 0.995
9.73 0.995
9.735 0.995
9.74 0.995
9.745 0.995
9.75 0.995
9.755 0.995
9.76 0.995
9.765 0.995
9.77 0.995
9.775 0.995
9.78 0.995
9.785 0.995
9.79 0.995
9.795 0.995
9.8 0.995
9.805 0.995
9.81 0.995
9.815 0.995
9.82 0.995
9.825 0.995
9.83 0.995
9.835 0.995
9.84 0.995
9.845 0.995
9.85 0.995
9.855 0.995
9.86 0.995
9.865 0.995
9.87 0.995
9.875 0.995
9.88 0.995
9.885 0.995
9.89 0.995
9.895 0.995
9.9 0.995
9.905 0.995
9.91 0.995
9.915 0.995
9.92 0.995
9.925 0.995
9.93 0.995
9.935 0.995
9.94 0.995
9.945 0.995
9.95 0.995
9.955 0.995
9.96 0.995
9.965 0.995
9.97 1
