0 0
0.05 0
0.1 0
0.15 0
0.2 0
0.25 0
0.3 0
0.35 0
0.4 0
0.45 0
0.5 0
0.55 0
0.6 0
0.65 0
0.7 0
0.75 0
0.8 0
0.85 0
0.9 0
0.95 0
1 0
1.05 0
1.1 0
1.15 0
1.2 0.05
1.25 0.05
1.3 0.1
1.35 0.1
1.4 0.1
1.45 0.15
1.5 0.2
1.55 0.2
1.6 0.2
1.65 0.25
1.7 0.25
1.75 0.3
1.8 0.35
1.85 0.35
1.9 0.35
1.95 0.35
2 0.35
2.05 0.35
2.1 0.4
2.15 0.4
2.2 0.4
2.25 0.4
2.3 0.4
2.35 0.45
2.4 0.45
2.45 0.45
2.5 0.45
2.55 0.45
2.6 0.45
2.65 0.5
2.7 0.5
2.75 0.55
2.8 0.55
2.85 0.55
2.9 0.55
2.95 0.55
3 0.55
3.05 0.55
3.1 0.6
3.15 0.6
3.2 0.65
3.25 0.65
3.3 0.65
3.35 0.65
3.4 0.65
3.45 0.65
3.5 0.65
3.55 0.65
3.6 0.65
3.65 0.65
3.7 0.65
3.75 0.7
3.8 0.7
3.85 0.75
3.9 0.75
3.95 0.75
4 0.75
4.05 0.75
4.1 0.75
4.15 0.75
4.2 0.8
4.25 0.8
4.3 0.8
4.35 0.8
4.4 0.8
4.45 0.8
4.5 0.8
4.55 0.8
4.6 0.85
4.65 0.85
4.7 0.9
4.75 0.9
4.8 0.9
4.85 0.9
4.9 0.9
4.95 0.9
5 0.9
5.05 0.95
5.1 0.95
5.15 0.95
5.2 0.95
5.25 0.95
5.3 0.95
5.35 0.95
5.4 0.95
5.45 0.95
5.5 0.95
5.55 0.95
5.6 0.95
5.65 0.95
5.7 0.95
5.75 0.95
5.8 0.95
5.85 0.95
5.9 0.95
5.95 0.95
6 0.95
6.05 0.95
6.1 0.95
6.15 0.95
6.2 0.95
6.25 0.95
6.3 0.95
6.35 0.95
6.4 0.95
6.45 0.95
6.5 0.95
6.55 0.95
6.6 0.95
6.65 0.95
6.7 0.95
6.75 0.95
6.8 0.95
6.85 0.95
6.9 0.95
6.95 0.95
7 0.95
7.05 0.95
7.1 0.95
7.15 0.95
7.2 0.95
7.25 0.95
7.3 0.95
7.35 0.95
7.4 0.95
7.45 0.95
7.5 0.95
7.55 0.95
7.6 0.95
7.65 0.95
7.7 0.95
7.75 0.95
7.8 0.95
7.85 0.95
7.9 1
